##TITLE= Parameter file, TopSpin 4.1.0
##JCAMPDX= 5.0
##DATATYPE= Parameter Values
##NPOINTS= 1	$$ modification sequence number
##ORIGIN= Bruker BioSpin GmbH
##OWNER= nmrsu
$$ 2021-07-19 15:10:58.672 +0200  nmrsu@4CE0192DK9
$$ C:/Bruker/TopSpin4.1.0/data/TE_20210719/4/pdata/1/clevels
$$ process C:\Bruker\TopSpin4.1.0\prog\mod\dirdata.exe
##$LEVELS= (0..255)
-76794373160.8289 -42663540644.905 -23701967024.9472 -13167759458.304 -7315421921.28
-4064123289.6 -2257846272 -1254359040 1254359040 2257846272 4064123289.6
7315421921.28 13167759458.304 23701967024.9472 42663540644.905 76794373160.8289
0 0 0 0 0 0 0 0 0 0 0 0 0 0 0 0 0 0 0 0 0 0 0 0 0 0 0 0 0 0 0 0 0 0 0 0
0 0 0 0 0 0 0 0 0 0 0 0 0 0 0 0 0 0 0 0 0 0 0 0 0 0 0 0 0 0 0 0 0 0 0 0
0 0 0 0 0 0 0 0 0 0 0 0 0 0 0 0 0 0 0 0 0 0 0 0 0 0 0 0 0 0 0 0 0 0 0 0
0 0 0 0 0 0 0 0 0 0 0 0 0 0 0 0 0 0 0 0 0 0 0 0 0 0 0 0 0 0 0 0 0 0 0 0
0 0 0 0 0 0 0 0 0 0 0 0 0 0 0 0 0 0 0 0 0 0 0 0 0 0 0 0 0 0 0 0 0 0 0 0
0 0 0 0 0 0 0 0 0 0 0 0 0 0 0 0 0 0 0 0 0 0 0 0 0 0 0 0 0 0 0 0 0 0 0 0
0 0 0 0 0 0 0 0 0 0 0 0 0 0 0 0 0 0 0 0 0 0 0 0
##$LEVSIGN= 3
##$MAXLEV= 8
##$METHOD= 0
##$NEGBASE= -1254359040
##$NEGINCR= 1.8
##$POSBASE= 1254359040
##$POSINCR= 1.8
##END=
