0
3.53125
7.0625
10.6016
14.1484
17.6875
21.2266
24.7734
28.3125
31.8594
35.4141
38.9688
42.5156
46.0703
49.6406
53.1953
56.75
60.3047
63.8438
67.3984
70.9453
74.5
78.0547
81.6172
85.1797
88.7344
92.3047
95.875
99.4453
103.023
106.617
110.203
113.797
117.383
120.984
124.586
128.195
131.797
135.406
139.023
142.656
146.297
149.945
153.57
157.219
160.867
164.523
168.188
171.852
175.531
179.203
182.875
186.57
190.297
193.969
197.664
201.391
205.117
208.836
212.578
216.344
220.117
223.922
227.719
231.547
235.352
239.133
242.953
246.766
250.625
