##TITLE= Parameter file, TopSpin 4.1.0
##JCAMPDX= 5.0
##DATATYPE= Parameter Values
##NPOINTS= 1	$$ modification sequence number
##ORIGIN= Bruker BioSpin GmbH
##OWNER= nmrsu
$$ 2021-07-19 14:38:49.320 +0200  nmrsu@4CE0192DK9
$$ C:/Bruker/TopSpin4.1.0/data/TE_20210719/3/pdata/1/clevels
$$ process C:\Bruker\TopSpin4.1.0\prog\mod\dirdata.exe
##$LEVELS= (0..255)
-67010513236.4464 -37228062909.1369 -20682257171.7427 -11490142873.1904
-6383412707.328 -3546340392.96 -1970189107.2 -1094549504 1094549504 1970189107.2
3546340392.96 6383412707.328 11490142873.1904 20682257171.7427 37228062909.1369
67010513236.4464 0 0 0 0 0 0 0 0 0 0 0 0 0 0 0 0 0 0 0 0 0 0 0 0 0 0 0
0 0 0 0 0 0 0 0 0 0 0 0 0 0 0 0 0 0 0 0 0 0 0 0 0 0 0 0 0 0 0 0 0 0 0 0
0 0 0 0 0 0 0 0 0 0 0 0 0 0 0 0 0 0 0 0 0 0 0 0 0 0 0 0 0 0 0 0 0 0 0 0
0 0 0 0 0 0 0 0 0 0 0 0 0 0 0 0 0 0 0 0 0 0 0 0 0 0 0 0 0 0 0 0 0 0 0 0
0 0 0 0 0 0 0 0 0 0 0 0 0 0 0 0 0 0 0 0 0 0 0 0 0 0 0 0 0 0 0 0 0 0 0 0
0 0 0 0 0 0 0 0 0 0 0 0 0 0 0 0 0 0 0 0 0 0 0 0 0 0 0 0 0 0 0 0 0 0 0 0
0 0 0 0 0 0 0 0 0 0 0 0 0 0 0 0 0 0 0 0 0 0 0 0 0 0 0 0 0 0 0 0 0
##$LEVSIGN= 3
##$MAXLEV= 8
##$METHOD= 0
##$NEGBASE= -1094549504
##$NEGINCR= 1.8
##$POSBASE= 1094549504
##$POSINCR= 1.8
##END=
